ACTUS_102 2806 14577 14578 14579 15039 15040 15043
ACTUS_109 2840 15031 15032 15033 15659 15660 15661
ACTUS_110 2732 13802 13803 13804 14650 14651 14652
ACTUS_111 2712 13589 13590 13591 13961 13962 13963 14299 14300 14301
ACTUS_112 2708 13547 13548 13550 14295 14296 14298
ACTUS_113 2753 13994 13995 13996 14389 14390 14391 14824 14825 14826
ACTUS_115 2733 13813 13812 13811 14158 14159 14160
ACTUS_117 2821 14838 14836 14837 15219 15220 15221
ACTUS_119 2804 14567 14568 14569 14984 14985 14986
ACTUS_120 2745 13971 13972 13973 14251 14252 14253 14830 14831 14832
ACTUS_123 2807 14583 14584 14585 14974 14972 14973
ACTUS_125 2822 14839 14840 14841
ACTUS_129 2820 14827 14828 14829
ACTUS_131 2841 15047 15045 15046
ACTUS_135 2839 15028 15029 15030